totalVoters: 26.93095245252198
preoblankVotes: 27.29124035290445
blankVotes: 24.454974177046278
numParishesApproved: 11.93189004307364
numParishes: 18.651507392165378
territoryName: 10.960383569930386
Hondt: 138.38835219049324
Mandates: 129.11945752674148
Party: 18.82722220615671
validVotesPercentage: 97.08717818538142
Percentage: 100.12886620750282
Votes: 102.26348321859565
preonullVotes: 24.890780984131453
nullVotesPercentage: 10.961241626750141
preonullVotesPercentage: 11.596551211459383
preovotersPercentage: 17.889942705330284
votersPercentage: 18.53038779950382
nullVotes: 22.617170645330518
blankVotesPercentage: 13.300848769909383
preoblankVotesPercentage: 12.549570191843221
availableMandates: 33.79430425382359
totalMandates: 17.284210193121353
preosubscribedVoters: 26.64674088889672
subscribedVoters: 25.866318833571967
preototalVoters: 26.223843959267292

