cap_sur: 56.70996385116111
//stalk_root: 67.31656556895933
habitat: 97.12819158205305
cap_sha: 113.67448966236883
popu: 97.29082228041862
ring_num: 94.32804461028545
veil_color: 76.93321779309636
veil_type: 0.0
scar: 133.32498378023527
ssbr: 97.86357851621818
ssar: 90.37531798007683
ring_typ: 115.9937998343015
stalk_sha: 14.849242404917497
gill_size: 81.03443712397835
spc: 119.92531008923848
gill_spa: 50.06316010800756
gill_atta: 48.93178925810909
scbr: 137.73733880106732
odor: 137.46156117256925
bruises: 66.8923015002474
cap_col: 57.27564927611035
gill_color: 132.64616277902653

