age: 55.00583696299876
mstatus: 60.84654879284444
rela: 63.194136595098755
sex: 28.142849891224596
occ: 65.73265246435747
wc: 47.80041840821061
edc: 95.03515139147197
nc: 53.033008588991066
fn: 4.808326112068526
edcnum: 78.32622102463517
race: 23.193102422918752
cg: 115.10284271033449
cl: 104.93464632808366
hpw: 51.64001258714022
